1 0 006190bdd11a48d09b8989c388f6580d 1 
1 0 ea6ad6de4a8c48a1a6d3fed272f078df 1 
1 0 a1ad26a1292841ec8854ae1135298dcf 1 
1 0 7686c9d6045a4239bd5c82e523171763 1 
1 0 4d244fd693504316bcd11d12b6508154 1 
1 0 e01752da0c42418ca3fcd079257289db 1 
1 0 d5a59193b2f140e387fea4efa1c4f4fe 1 
1 0 a759673739e749c2bbc4dc23e71ca92b 1 
1 0 f2fe998ca4be4a528e0af83f7c543f23 1 
1 0 af55e78083014c28a4301a85e098b0f7 1 
1 0 718d9a6c00c6432c952fbc1a70a04da4 1 
1 0 26ee0eb5431a42269442eedc336df092 1 
1 0 fdc97b95c17b48b9999305b001907160 1 
1 0 268896239bf14699a6db5091bdf8c619 1 
1 0 a6716ed3a0964fb1ad2905cba4cc6451 1 
1 0 f9ccba6487694587b8c90b6770430cfb 1 
1 0 51893779f331497c950d75d0ab953d3f 1 
1 0 9d42ccf1b80947e3bc7f0b8bde71bcbb 1 
1 0 e57a2a8b40564b9e99250c4e651cdad1 1 
1 0 1a2efd81094244ef97dd6f79e8a660f1 1 
1 0 770cbcb4b5a5404abad5b1a8f55ff631 1 
1 0 64b74a9d3d754ded895f301a9651c0b3 1 
1 0 559e2e5392e64b40b87742a74278676a 1 
1 0 cc4047ec2bcb471ca453b61a0ee5944d 1 
1 0 7b8b4b9dcc314fe2a9dfafd690c701e7 1 
1 0 b6245bce766d41ca9207ac8d3809b153 1 
1 0 8e56c0291fc14409ac1815aced75273d 1 
1 0 129062c509674dd6ae4331629e415958 1 
1 0 9828d0f3a4a44841bcdf7d096d87ddf0 1 
1 0 33fdef8c7ab041799e0875969edd6088 1 
1 0 f64fe5a3a98f4e6ebaa25f5ac068c9d6 1 
1 0 119131cb787346ed8a18405c7e4bbc3b 1 
1 0 0872c6c382f14943ac3a0e63d9ceb603 1 
1 0 3d846cc524ae473f91a0a158b3b3911e 1 
1 0 2e48d7c6b56149dcae3aa8940f5b299e 1 
1 0 c78f5ec50a2649a9ae8b513b690df068 1 
1 0 6640db88dedf49118e67faf016a3f9d4 1 
1 0 869101486460481d98c5c12284194e16 1 
1 0 a6a28b238cbe434cb42d2f8dc560cea5 1 
1 0 639cc1c51f34433ea1ec940a26e035d2 1 
1 0 da79d5b10fda4446897ed784d84d7c46 1 
1 0 7ea2d58dc9774bc6b01fe84ae24a3c4c 1 
1 0 658ceae0cf6c4c54886d7bdd2bc7a2ab 1 
1 0 5c66a7ef3d5f48fa8ad9cd1be528578d 1 
1 0 3bc87c8655c1400cbd5e4fdb1878402c 1 
1 0 88b25077f9744abf9243e865eb1fa257 1 
1 0 a1e96bc4534541d19d23eb402135b221 1 
1 0 0829a354a2fd4f5ea35efc92e4e4e425 1 
1 0 96d3fc90b7ff434784ec17c5bd3c1f30 1 
1 0 a48b268e4a42404db305a98c5e958f35 1 
1 0 4460b53706504cfb9e4e66d3bfe9a9e6 1 
1 0 c2d735539b1e4da9b2cae2d45723cf33 1 
1 0 93bf3098aa4f47b8846264af24a2cdf6 1 
1 0 0593c8139ef84d8da15bf9e6d2e0cdc8 1 
1 0 b06134352ef8409f84c9a9b9c95a266a 1 
1 0 cee5510f92054d7cbbb64db679ab912f 1 
1 0 5a88b04c91944d3b96837be8434db832 1 
1 0 02a354bf7f094661b480eb7c9c7bae2a 1 
1 0 4f0ead2790b648c0a8bca73a056590bb 1 
1 0 2f55aefffbb34129b251ff0518c10fa2 1 
1 0 b390990db33949ca828777aa3673a64e 1 
1 0 e7e4d872b2e14ff5ad4c6a440cb39429 1 
1 0 95c5398b20b94a5e88853cc7a235b485 1 
1 0 85be4a5040784a2b90cf4129ef128e89 1 
1 0 a8ff7cc8427e4536a276640359b55e2b 1 
1 0 890c45dbe89c4a859a28187b6c1bb304 1 
1 0 63ef1996f104460cb304f5dca173a26a 1 
1 0 163ccc8dab0b4debad924cd3049703ab 1 
1 0 7c9f1a281da64cde84ea8c6a8ce717cc 1 
1 0 f3c18490dc494948bb552cbd1357af57 1 
1 0 f9da3b62f3884193af9248bfa42d0b2e 1 
1 0 be818a0f7b064869803314504231da89 1 
1 0 071fe04242344a22a4645e13571fbd33 1 
1 0 3f9f2198f7584e6eb3840b4f7dbb7abb 1 
1 0 caa1c82a5bff4a16b951ea9679df61b0 1 
1 0 98ef4ec318394db3ad82d7735abdace5 1 
1 0 4654d1c058f148188ad1d0579ce3b576 1 
1 0 42858a105fd54d898ab53af275f72855 1 
1 0 ee3f12160c514029b5492b499b27037c 1 
1 0 0044d0fba0ec4378b01dcb3a202ca858 1 
1 0 222778d033144ebc8829d4599c78bcff 1 
1 0 455627bdafac4183a3cda835c8225061 1 
1 0 9ffeaf8472d34cdeb098cf4ffea9d72e 1 
1 0 97d7ad23091f44b78c8c66eb7f0a744d 1 
1 0 b1c20cb48eb54c2399f524f51947e14f 1 
1 0 b8e1f93b09b145dbab21ced9d9b89de0 1 
1 0 b7bb838fc9424cad9d89a527efad27ce 1 
1 0 e49a5e1f80b34a05bfdbe392b22cd803 1 
1 0 fee32de099224978a150ba4ee3006980 1 
1 0 ab3fa4afe3ef460d8057c7606c61cfc1 1 
1 0 38574aab4fb7454080fb519336f9a761 1 
1 0 edd83c78c8bd4446b413957895f55ba2 1 
1 0 7ca60c0c8fab47f6b32f475145e31c3f 1 
1 0 901c11a64df8440ba84196ba4a741e1f 1 
1 0 85f3905bbe95492b9ba6921a8f874ae1 1 
1 0 5c457dee26194b77b889aa4fff611276 1 
1 0 ee38996266344f32a3560181ebd56e0b 1 
1 0 3181b9ab162d4c348bdf542388e0d3d2 1 
1 0 addf42d322294677b78e5fcc8b3b9f0a 1 
1 0 4f053d8da342407cb46560e32b78b413 1 
1 0 ff1303b187ed4ec4a33acf6997182b32 0 
1 0 bfc41d9c28bb4bfbb9742b0ff042fda5 0 
1 0 445ac7bbf0e141adb3d6d0a6e5619b3a 0 
1 0 ad68c7f72dc04515a628f488927bcdaf 0 
1 0 5ea875ba4d7049b0b1104c046f1a7032 0 
1 0 f7a4233541114dfcb94dcca401c3f227 0 
1 0 1e6674c309f146a29c0a88b711140eef 0 
1 0 79d78954f4914c7ba3102a706258ba3d 0 
1 0 3ff1cc73999c48a7a9f088a9660ef037 0 
1 0 06de2b64bbc14045871348f3bcfe9bc9 0 
1 0 dd6783bd01764f15b220398d28933f9f 0 
1 0 907f3b674a4844c58014871519f02010 0 
1 0 0b426904a3a24fcb83c4325591665560 0 
1 0 7ca4ba9edb884272a5226a2af7776828 0 
1 0 33601a25455745a9aa668b1676d36a05 0 
1 0 ceac1537a4174c8baafeedb90f0f4b42 0 
1 0 baa756cb4abc42d187b0d2cb35ab6e23 0 
1 0 61071fa1a1eb440a88acb9036641a6d2 0 
1 0 c8456b0b0c02405f837d84355045d6f7 0 
1 0 655e170626e84978b98c5bf01cd1acb1 0 
1 0 1865d18c7acd4ece8e1def6b3f5c3bac 0 
1 0 25fc0ed306a44f648395fb09fad65ff4 0 
1 0 40fbe1556bc94d519b7829902b90a20e 0 
1 0 16fcf56bf79041b1a99297f655133c76 0 
1 0 26438d095a664b3c966e89a09004a9b2 0 
1 0 d230f675482f418eb8d5b518b884f937 0 
1 0 fcb80b2e5ac84db0bd9727f37daf4985 0 
1 0 531d2d3528d74124885d4160c0417e89 0 
1 0 aafe52c6f6094df188aee2a5efd4d3b2 0 
1 0 c7a2a0505b6e40dc89a4b6f20ed94313 0 
1 0 0ab2f1a428634cb98721d60ba1c5067b 0 
1 0 1d0f472c8dd948eca8cafc19fda3bbe0 0 
1 0 54e80b074beb4556b200ffb891f06a9d 0 
1 0 c70f0148557147a792bef5d1c5ee7f6e 0 
1 0 6f44900bd75c4e6a9ca375e33079d80b 0 
1 0 b85d3daa4ae04d40b2a36e6705ebff55 0 
1 0 f054b77c240e4594a6ec5d66135ab0f7 0 
1 0 6a5681a195824a8bba8fa54cac9e3844 0 
1 0 9eac88d4dce94bb4bd4d4e6ff62fbdd5 0 
1 0 ff8985c6ac2a46479f21236d51b93fed 0 
1 0 2c28d07ad33d4849a3ce9588390f380b 0 
1 0 34c0dd12d1734826a360b2b9a0d9d605 0 
1 0 6cd29bc6903f47e29c732ac5ebc53d48 0 
1 0 11b04c87290440b9908326829f1ec76c 0 
1 0 69dc8d9634504bc79b2fc5124dc83f90 0 
1 0 1dde3249bbd9446daa54b91502ca3a2a 0 
1 0 3e8dc825e5244f3d81bb50e9011cec82 0 
1 0 42e48eb7608446b2a5ed85d4faf04408 0 
1 0 9c719b646b9341c3a689b3f19f3fc99f 0 
1 0 b189c2a97d2a451ab2297278c6173695 0 
1 0 62d9dfabfb2c42c3bdf0cece74e7e92c 0 
1 0 4c77d328600c416c81348e93313cd6aa 0 
1 0 5b3bddee7a174ea493f30f171ac85fb4 0 
1 0 37fba618745f43a282fff6363ff17eed 0 
1 0 6e0b6673f6c4415087a82c03d1e09915 0 
1 0 7c7f28b5003343e4b4bd5c412cf130ec 0 
1 0 7a83342c469b4a6799cda217f8cb4874 0 
1 0 f7be9b1c50a1466bb09bc44fc85a277f 0 
1 0 7484e32de4dd44deaac9ca0bec6eafa7 0 
1 0 af61052ae33245019b9baadb5b6f46f8 0 
1 0 a4396ec7345b440aa7090177450144e5 0 
1 0 df41bb2dd7944d02baae29518413ba38 0 
1 0 b88b1666a3c845af8f2137042ae60ba9 0 
1 0 fead17d0d5754f549dbe07e8af405ade 0 
1 0 4db3c46e859a4db5ad600a8ecc91b874 0 
1 0 f5b4b2d8875348f898768ceb4fe50e8f 0 
1 0 037988e606a945808ee78178aec3b851 0 
1 0 91b8a1acfe2e4f7ba85f13b51d182943 0 
1 0 4f2bc72ddfef4fedb50cf71266bff2c1 0 
1 0 97502e2ce89e428f832f42041a8d4254 0 
1 0 07a2c0741c5e48fb9590cfd2e3bee053 0 
1 0 b26f03bad3424d5f8f42d40c65cc8445 0 
1 0 b3e5d9dc0e3d4ef381f91f1b645c0959 0 
1 0 2f927c6a2edf464382395c8d9fdd7b35 0 
1 0 2f9d546a15cf4e6fb9f67d1fbd185de8 0 
1 0 bf89bb4f1cfa4ee79c389e13da2e4198 0 
1 0 f980ddf0aa2c4d998e27c5d214d2bf8b 0 
1 0 e8714b2cd5df47ef804920666492bb41 0 
1 0 0108410fd8884ec1af6d9fad9eed0762 0 
1 0 100af56cbc0e4acf938dd7d6d616bc1f 0 
1 0 e9000f939ea14eae8e2e275a8629ff25 0 
1 0 6a7fc6119a6f46f29f17e55a34c391ad 0 
1 0 ed1de2fb06b7477391a655ba974fe989 0 
1 0 6786a7ad8b2e4ed29b58d0a2d59ba656 0 
1 0 7a43af6c84db4beea29bda6d64b85891 0 
1 0 bcd5f8b338fb488c9de8ec1edff0ef4a 0 
1 0 564d6bcc896e475cb2fe1525fc7704e2 0 
1 0 a34154470e32486a9ce1feb28077895a 0 
1 0 69117434b9574905bda775dc083bbfd3 0 
1 0 4ce98ccaa22949b1996df301e9c65396 0 
1 0 d4d86f6edf0b498f9e3fd1c5c5d87539 0 
1 0 f7abc78c875743d99dab5a28edec701f 0 
1 0 ad0a326ccb8f4be19364ea131790a60c 0 
1 0 06193fe1c1ed4d4d9ef44fc204528aec 0 
1 0 b4add74c602140c491bfc57407c6be8a 0 
1 0 689801d8405448598761c50c33b9642c 0 
1 0 ed86ee7151394a2cb25e177280928cc6 0 
1 0 75c79e8c294d4f2192577a395ad5b5e5 0 
1 0 95219dae315f48e2b28b259e3defa832 0 
1 0 ea8ad49e6668446ca9abd491774c3826 0 
1 0 c30edddf9c814c98bf5206f54dbaedbf 0 
1 0 073416f14c2a45a9aa5a6aca19c8f309 0 
1 0 02b5441e9bbd4b60ae0d69d75651fce1 0 
1 0 80176784e08a4a509b0d8d9694fc6efe 0 
1 0 2fb56c572d8740e5a732bfa765a2b971 0 
1 0 700a6407b1ce44818b09723b198f343e 0 
1 0 205b2da403f0465da6b845d220e5fda5 0 
1 0 900644989473432fae3d02b97e533a53 0 
1 0 f2b0a5e6522a4519a824186809e8f3c8 0 
1 0 883089ab110b4c1baa72c0b322aeec79 0 
1 0 39462167334f4215aac942b335ae34b8 0 
1 0 35417483feb5489c8bcd4ef29daf889b 0 
1 0 85ab562eb14049849230130521d7e34b 0 
1 0 337782fdc639412b9a9d63ce63c96f45 0 
1 0 7e9b5ed9d2a949c8a04f7a53200fdbbc 0 
1 0 2a2f851357a64f3fb0b71f080daa8adb 0 
1 0 cb1fc1419f054273bb5b0287180c3601 0 
1 0 85706c7456df4b569b5b657c0555f985 0 
1 0 f80c5a60a54f4e8697c0f9999f005f36 0 
1 0 c4e2e5f5d72847a6a08922c1471ddab9 0 
1 0 9f33b3209c9444a391f649c056b13e7c 0 
1 0 61daa369b4c246f49a176794a7824396 0 
1 0 eed7941efcff42b69681d23052eeb4d9 0 
1 0 e1dbc89860bd4440ba1862faad9a407e 0 
1 0 59cf99e7ab054702b1260cd20779434d 0 
1 0 b391133486014e4695fbeeaf9a70aa52 0 
1 0 1561d4324cb048d39fd6151f56e0c5c7 0 
1 0 981aae4f91ac4d8991e83b34a7eb9d7a 0 
1 0 5c8df7613cb54feeb64695c2ea7fa4a0 0 
1 0 9d41c6ee5f1046b591143d65b2486383 0 
1 0 9a3e42e5ced74d569498ab9051eb83db 0 
1 0 d29fd047c998452ab17014f5419a2362 0 
1 0 a1fbc52d93d844979b003976be71b019 0 
1 0 ec3c0b53e2954aa89d7a53936a777ccd 0 
1 0 4f1402eceacc4a518cd14550770af9df 0 
1 0 9da31048201b457e8450792a6766f442 0 
1 0 15648ffb94a2411fbbab05d4b4ed4de6 0 
1 0 b7a5f502f2e64ffc9687e3a3c92695e3 0 
1 0 f162f4d882784ae6a0631d9f54f7228f 0 
1 0 42560030b2654ba0b0f831b134926233 0 
1 0 bd4c45cfbcec46cb8790ff119baeefae 0 
1 0 1fb85dab040c425b870c68c52c39a36e 0 
1 0 d9a5a3af25894d34982af5db3d1f62aa 0 
1 0 d9c92fd7a6fb48e7b029399e590571d1 0 
1 0 92e0727d14c84bda92b78c8a191f9ac6 0 
1 0 7e0e109f15ca43e699e4f442542c081f 0 
1 0 286f6da7a51446aa8a01eba93d9ab600 0 
1 0 6a16c22367f14eb79a6ed9af4a76766a 0 
1 0 407f5ef2c81643b7a983a5c7fa48604e 0 
1 0 a18900d037c44eccbd496ee7883f9a34 0 
1 0 6250b39b9fa04305b154f64e001b11ef 0 
1 0 79108819835945d28a0aeed034381807 0 
1 0 21fbf8c4aee74c70818fa3304eaacc72 0 
1 0 d8e962b568fa440883781226e9d44f47 0 
1 0 fd9ea701d3d24ade96df22f8f902f6a1 0 
1 0 79884106729744f7a3b01839ad5acbd5 0 
1 0 65926689a57849c4a5ff9ad841c80e95 0 
1 0 058977212b8d41228fc9c16b786044b6 0 
1 0 9e687ee32e2543ae99a6b59872abe4f5 0 
1 0 e036a4784eae40c48b3e0bfaf695be73 0 
1 0 449688a01ea44f6e938125f8cfc04cff 0 
1 0 cbbb3cb2491a42d0a0a98b6d69dd6892 0 
1 0 dc42a8e148614f1199cf74eb41d8cc67 0 
1 0 3efaefd790e14246b7eaf10e9783088a 0 
1 0 136beee1e2ea4051ba7436f03a87b890 0 
1 0 2606eb63234f421ca6d6dc79f20b5d0d 0 
1 0 1841afe00d64452c9ea895a686ae43d9 0 
1 0 584caae307d54a3a9853d2abcc57fbfa 0 
1 0 00b7541bb177450eaf379a6429497ca3 0 
1 0 68d906fd6d9b433b82aa68cd672ce414 0 
1 0 3b68472ccf394e00ac9af9caaf2b5429 0 
1 0 c736f19502da42a8af61f6dd1e9904e7 0 
1 0 4df0b0379e894ed882f611b88545b8e2 0 
1 0 5b09cf4fcba14370a96a77339d1d8ff7 0 
1 0 63ea90c5aa004e4088d8c565b633edea 0 
1 0 97763fb0af7a449e81c5da2aa7942d6f 0 
1 0 9f0a5eddf3c240e2906513279676f1bf 0 
1 0 59d505f9654d4910bba5234e5cfc171a 0 
1 0 5b8a15d13d94423fab9022d99df4c099 0 
1 0 30a0fc83169045b88f503d6519ed5f70 0 
1 0 173c33adc92640678c24d72dd0de4452 0 
1 0 a1cd4af41d2d462b8ec1bf6376f12103 0 
1 0 73f6c2d3cfb546bbbf21f0dc0e09f958 0 
1 0 167b5bbeff744d30beadbdb74c93e5c9 0 
1 0 f7772ecd8f6341bda4b52a886ed11d97 0 
1 0 6397e8c370084307a59b780884576d11 0 
1 0 4586fd0a2ab7484aae7b732f3d18623a 0 
1 0 3afb26500fe74fd7b9d2bc43f8a9f07d 0 
1 0 0e4fdd28eef64b7389fe3bf1c88ce998 0 
1 0 0b44f7ff43de405997058102baa562d1 0 
1 0 bcb16c3f3cad4075b13de73187762551 0 
1 0 a08f502d930942eeb2370bea75506f63 0 
1 0 27d3968812d2471ea633d1fe3643fd9f 0 
1 0 f1d62a9146764668b2cd9c632d979fcc 0 
1 0 9f600cd38a3a463587cc341d963e7f53 0 
1 0 ab80de96a8da4ec8afd1ec1222c849f9 0 
1 0 9966507d69284f6ebc0debd1bb32b7ad 0 
1 0 52534ce3fd924eef926f9923d00fa1be 0 
1 0 bd4a7b812c1e406bac033a8f20b07930 0 
1 0 a52d91ad2b5a41b6a273fcf08cf04c2f 0 
1 0 9ca3874a5fc24834bbe7dda4f68fb4c5 0 
1 0 44dec84a91f34e9c921b9228c0de698a 0 
1 0 acba2ad4fb7f498ea5e4ae685780b512 0 
1 0 9ba038352dc3460dba91c3b1096f6e2c 0 
1 0 0d85951b597a4f2d9fbc8e0f0fcc6fec 0 
1 0 66a4ee1061f74e7bb1660ea0f0784622 0 
1 0 0be589190b8f48edae19522a1b1c292b 0 
1 0 11f0cfa3552247a8bba74cfb0ab6eac1 0 
1 0 8f4b2048ea234b208c15dbfa8d8b9563 0 
1 0 8d2d50bd08434a07a939ee4662f8249f 0 
1 0 e933a9e41bbf4e939ca75db47cb3529b 0 
1 0 38b2d58b599e4ad1bf3fa7b1f731c188 0 
1 0 26d10a87e46144cbadcbb17c01719bc3 0 
1 0 a5557b6fbef74f10bd0c23fc37772b34 0 
1 0 37b636a86336474ba281b28e80bdaa23 0 
1 0 1da86eb70d71419e9c8e12cf6ca69bc2 0 
1 0 04dfb29603634fa6a9a44231fe2f3615 0 
1 0 3a14e8fc6d32463e9038dca36db1cdf2 0 
1 0 002d090c3c6f4776b59359a2a1bf9cae 0 
1 0 d0563a0a734b45c092d21100581a43b6 0 
1 0 b4fb5cfdbfb944a08e4ee1aa7311f25f 0 
1 0 60a6043a3ce74c7c8b53b11c4bb70597 0 
1 0 8e3f12453c9c41bcad99c2d353eebdcb 0 
1 0 7350e8fd4ffe48458f82ab08f31434e2 0 
1 0 2875519bb67d4c28b097de0164b867ce 0 
1 0 9c11d42c84514fdbbfda74c218e55d7d 0 
1 0 26b0af66fcfb494485f7dec5bf2e2eb8 0 
1 0 5d1f0e1b64ae4760bcf3b679bbb1be54 0 
1 0 8c45586354fa475eb486f9d8fb28a879 0 
1 0 5041c0e1125545d8944a6b308260c1f3 0 
1 0 3d474145036a43dcb996a5a8aeb2d105 0 
1 0 741a39a1ce6e4399880410040bb28f74 0 
1 0 e12dfb8eb5ea45d88b53e1bdb9ca60c5 0 
1 0 9803fc15969d474a98038831d8cfbd73 0 
1 0 420ecb6ebac647ca8143ea0be1a6441f 0 
1 0 1c877a87f4fe4a52a5be48d35a2897cd 0 
1 0 617611c3a3d74668b6a8e31b4a4c54c1 0 
1 0 cd7f5a1927f543bbaeaf9b1d17bef15d 0 
1 0 ad16951372f0433b997f7a19f5c6230a 0 
1 0 0c9d862a95bf44118a30c744e536b115 0 
1 0 339e0c5999724ddbb64d3b3ec35ced43 0 
1 0 634d2505b9e242a288da31cf1caf7559 0 
1 0 c7e96051a3c241ce86c5ee2f5251a626 0 
1 0 f02206ab825946fb8258d6333da08bb3 0 
1 0 cdb1049c049d494a9111a2c596843464 0 
1 0 33d633cb35ed4f55be001e9d2c632a99 0 
1 0 aac4e2e387fa4d188cf403d66a0fd705 0 
1 0 b0a81a7a6b254204b5e5b8ec5c179e20 0 
1 0 24b8742090de413390c4fb695b921f55 0 
1 0 0db9e5d4557d48018ad900edd81760ff 0 
1 0 e6a3128bd12f487aae66445da8f9e25b 0 
1 0 85ec0864a4b649ecbcdb0fa940a77937 0 
1 0 03a275ad828a40f28205ca799930967d 0 
1 0 770efabe5ded4f3aaf0749301d44eead 0 
1 0 ea5c643e6e014931b42a3d3ed0071ad3 0 
1 0 d82086c1f4e74281b6f8f67212a8da5a 0 
1 0 ad86565178ac4d7193f54e00b3d9a2d7 0 
1 0 e4000b99e2b3404e89c00ff0f04c245e 0 
1 0 4ae98054556e46c2be035451028ee8aa 0 
1 0 d8999c71d0014bca84dd8629cbbdd791 0 
1 0 0e50b2e2498a4be194c742be416d4422 0 
1 0 33127eef71a64cb49c6a339469734f80 0 
1 0 155713834d304962ae8e4565bcf498d2 0 
1 0 2255d68e5af5491f946180a4fea54758 0 
1 0 9e07a5e498334ac6a082e663b420986f 0 
1 0 f05db3ce9f4e40318cf780e3e78f5cd5 0 
1 0 d88f5efd0f774433be7bcc27adfd3052 0 
1 0 ce9fb7eff20e4f9e972c8600d7822474 0 
1 0 5b4389a643584b3e8e71ad8f86b7451f 0 
1 0 1add682e21d14ebb9127c3eb063637de 0 
1 0 a58bd95554c94f33b5da1fa4edbcd9e5 0 
1 0 1f157060576b4874af3141976733dbfc 0 
1 0 9eedac1477844e698b22cf36ee827845 0 
1 0 e5fee9a85ccb4fea952faddc02190c70 0 
1 0 1a61578d33a6431991af9905ab8ea5d9 0 
1 0 cfeefd26528b459c82b850a53f6a64b6 0 
1 0 bf7d7e03a9e441e5b22f91efbef3ec90 0 
1 0 6c13565646d6446e9005331129f7c2b7 0 
1 0 0ade18193d344029936b3dd9569b83a6 0 
1 0 0a7dea7ed65948aa9a6dbba09c31dce1 0 
1 0 8a172e1fe2054ea58a55046ffc5827b5 0 
1 0 628ce4653d0b421bb4f06ae9e4869f43 0 
1 0 4956921f5f5e481289e760be99b5c182 0 
1 0 a819ee924b4e4dcdbdc326e65d43e57f 0 
1 0 af0c4fa74e7240b686696c4a2e389067 0 
1 0 049944a2fb494f69b1a8f90bf6cd831f 0 
1 0 3b16f77eb5e143488a52c4c74104c01f 0 
1 0 cd2ccd54a7f04bbf9130b537d1c67da4 0 
1 0 c7e600c1fef441c295078fe542f3262e 0 
1 0 7162dd0cbecc4ec09ffb6b5eddb6cce5 0 
1 0 10044113eb7646c8a956087c5cc03af6 0 
1 0 3e156beebe2946d3b37e14ca2a1f61d6 0 
1 0 a2d999a8093a45dabc72992b147cce41 0 
1 0 f3444f606a4c42fe90fc4630f3af94b2 0 
1 0 ae79ac35756940788532c61138f5f3a6 0 
1 0 125a50cc4c13440e8d2dfab20ca88bc7 0 
1 0 1d337ecb7a034af0806f7e24e27ea152 0 
1 0 a5fdc29af0a04fe5bd06f2fe894f9d61 0 
1 0 e26ba112b5f949a89c447192d23e0cf2 0 
1 0 3d0641c793b54f9a89aef04b66bbe373 0 
1 0 a665e3ebc0584fe88aa707f7b2bc9bcf 0 
1 0 3072a8321364439e85c2bda8c3f335bf 0 
1 0 2d3859a4896c41e0850209b431e93d6f 0 
1 0 daab7fe4c30e4b4b94ee53a9eb8bc32b 0 
1 0 ff2cff6ec0fe4d50adace2f14bca735e 0 
1 0 78fe60d123e4499e8f90696283adc1ec 0 
1 0 831acc21f77e4de38debb3bc4f0b178f 0 
1 0 a67e129d788544d19482a39a8926559c 0 
1 0 92cfe29beeac4f58969ff16be6945ba6 0 
1 0 a3485bd87b96461ba77f21c5cfc608a6 0 
1 0 8ba7440429ec46bfa71d42c4561848ad 0 
1 0 4579ead386c149f7ba0b61d4da35c313 0 
1 0 cb02dbdc2b3641ef969b7f3274391ae8 0 
1 0 f403bcdd0c1540f6bc3dc7f43a1e1295 0 
1 0 a5e1cb20f812454b9826bc73c16ad0ec 0 
1 0 f61676db030b47baa49d450431882278 0 
1 0 efdc8dafe8314306b560e8139a39d8b4 0 
1 0 37b3218843f94cab8eadfea7e9f14e33 0 
1 0 a3f399647c3d446fb8294277a1f85f2c 0 
1 0 cb14dd730156456a81c363ca44560926 0 
1 0 6f78b09dbfa44c4d8e3b22e7c5f0d0bc 0 
1 0 220ca67c9f7f4854861b733b2bb0edfd 0 
1 0 989c67d95839430198c9912ea1d94aba 0 
1 0 65278283e90a4af8b211bccb13c05d05 0 
1 0 ffb4b8c7865c4f2988dc4d4103df27cf 0 
1 0 a77cb299515c4595abb7b67a8a261ad7 0 
1 0 a259241d7dae4ce598336ba879b4dc77 0 
1 0 794307ebde7d421e8dd685fb41ca1cf3 0 
1 0 13a1930f7011492abcd04a6660bb7136 0 
1 0 f570a81c4904413196104393058bba72 0 
1 0 69df1cffd116493cb00fc5a14c43c20e 0 
1 0 aa112ef5b070447bba51e71173522d86 0 
1 0 9eae820b806d40818405559513508b09 0 
1 0 0ac86338d0044132896de4e9c7fdc3cd 0 
1 0 0e1f38c0a56b48509cce7dfd762898de 0 
1 0 8ca6f9e7d96847ac80a6f159964c3cb8 0 
1 0 353244dcb2644890b1449a06aba86eef 0 
1 0 dc2f03c4d58b4a3cbd4e84f72c3e7885 0 
1 0 eed7a49789294be7880192a649a71923 0 
1 0 1feccae516124bc581bfa9b42683ac58 0 
1 0 8cb94e0f8cf447c796fcbf8a4a2adb21 0 
1 0 5b62f5783e224f3db23af8e441791094 0 
1 0 255cd2c4d0e648168ff5d7e8da4a5153 0 
1 0 f0a7e5d40623422d9c1c430bf10be176 0 
1 0 9390c391e8a04fd385ce12a6cbfaaa1a 0 
1 0 3e07ffe722264d7eaa9a359638d7452a 0 
1 0 0cbd8ae08129409984ef16aedebeec2e 0 
1 0 164e9322785e47ffa861e4f4a8f9323b 0 
1 0 ce1ffd6fed9344dd84a4daeb3279aa7b 0 
1 0 58640b244d114ee88e22e7a6b62666ec 0 
1 0 a8acd7c25cfb41a691c7679449700ebe 0 
1 0 fc6cf4cf5944445ba506061b1d6cb4aa 0 
1 0 7faae793d56a4eeb8abeae4af471f514 0 
1 0 dbb340216167443fa8cea5ece098387c 0 
1 0 63f8d8e913db4206b1fd6a70084fe411 0 
1 0 edb57505033f48b6ba2be802813eff1a 0 
1 0 913c2b67fa474e4684bb62152ee3ab3f 0 
1 0 7f8bbff6a92a49c896fc9ffc33bc3fca 0 
1 0 a62f464cef254300a7b47dfac7132b5b 0 
1 0 de3594cf2a1846138e258bd8343e6ab5 0 
1 0 a7366314666a4ba5a9eeacc573e96bb0 0 
1 0 364e2e522bda4d4a988e215cfd0193e8 0 
1 0 c473844215314ddabb9e456feeac1fec 0 
1 0 e0f978b2ec8a4273bd10159356666e2a 0 
1 0 314cb9b7df6f4e30baa9059358fd01c7 0 
1 0 9b629128f2284828a75f903e52006e9e 0 
1 0 c796bbd2e67946e98c0f734e3731a237 0 
1 0 b27a5f48a9834deea4877f51de0c8fac 0 
1 0 6c9cde2672f64db7abfe0b27651bc82a 0 
1 0 e12b5c6ab8b64f84b52e784138282bc4 0 
1 0 a2a7a9ff7ade4ddaa8354defddbc9764 0 
1 0 72bfaf9a2550423782070be7e1b9fd05 0 
1 0 ec756b0c54c24da79689a8a1176991aa 0 
1 0 109768d16a1d4dbcade63ad8b1defffe 0 
1 0 f252aa0fd48e47d794f6b371f2cca285 0 
1 0 c5ba9c1d838f485ba9ab1f5c703e1a7b 0 
1 0 81772cc3af984bd39863dc9d6b9fdf32 0 
1 0 2e5e6370cf4649a39f3a943f0ecf8932 0 
1 0 7c71e89be12848ad9104e42f73105fb0 0 
1 0 66b89ea856124cc5918b1601bc53711d 0 
1 0 6362283c1acb4f8fb6eeef2701005ea7 0 
1 0 8764f3758b8b45b4822093c0aacbf75a 0 
1 0 40fa17e082044b88be97bd5f73c0e707 0 
1 0 e5651b62f48f4b03b50f9c0f62a21bba 0 
1 0 0a450a008f0b45c6adddb1219c25bce8 0 
1 0 6a74d9defc114c1b92221164a11dd4da 0 
1 0 9b86adde9f0f4febbc13d1041a355b72 0 
1 0 37246eb62da743f0858c1b1f7fa5bb66 0 
1 0 e8395adf317d4be2b421d8c99b054234 0 
1 0 139b9ea6a7de45a0b864df5efb1408d2 0 
1 0 dfa2efb8013a4ca985e531f101886d46 0 
1 0 848ee4abe42b47f593d381fe5e549cd0 0 
1 0 d32e4471eea648f0b34f4d11ac95dd60 0 
1 0 3d2ba8adc97d4059a85e05e4f5a36919 0 
1 0 9c6bc53365f34e7d800aedcacfe254ca 0 
1 0 59b98ff4aebd4e3593b7ef58e8ffe1e7 0 
1 0 8553a5d7f6e44a6fad55941fc1315607 0 
1 0 3612b54a2cce4736997b120720aff14e 0 
1 0 a37806619594420e8407483cd5fb1650 0 
1 0 e0c8111993e94ad4a4d0f5c6dd815251 0 
1 0 effe90b4adee4de092e3862a2ac2a612 0 
1 0 0f4c0f57bef340a79be37859ab495cda 0 
1 0 a74ef03bb22245f7818e3c77a6faf249 0 
1 0 f1ab46ac813e4011a1fe307844d088a6 0 
1 0 2192f7ef984b4638b275b0fb6d0920dd 0 
1 0 a29497b426f24afd8582a8d37580bf5c 0 
1 0 89ad5fd0f3c049b2ac86cb211604582b 0 
1 0 acc4c62f45884fbeb6c1ee0613af8e95 0 
1 0 468b4330259448279984c077ed901ff3 0 
1 0 820df84a86a2439b84945aebdb642adf 0 
1 0 aec9f8e3f26840fea9084da7d26a9982 0 
1 0 35cad27ec4254284ad7d0024812cb0f9 0 
1 0 655548677b12479eb506fc2cd4875d39 0 
1 0 6cd6aa5c42174e9dbe18fb0e5d93a7f3 0 
1 0 0f3c760c70ac4e158b6cb4272d57fc1c 0 
1 0 31f41a8ffbfb4890a093f406c3211128 0 
1 0 fdc12d6bba694162a48c7fd7105a40be 0 
1 0 66e683dc371546bc9a3b3bf92a7d9f7a 0 
1 0 2609563d39a141e99439b6c305affd44 0 
1 0 c9c61da9836e43c689f0c62040ac4210 0 
1 0 8ab7871ccef04d4fac25b130e48a2a64 0 
1 0 91565ef1b8dc45e8a36b9a78e7f977f8 0 
1 0 d2074e9ed2c94f368149e230bad61d49 0 
1 0 5b7ab2fc4d234592b239ea509c31021c 0 
1 0 3289a3293c724a83b4e777f06d24decf 0 
1 0 66a7543dc60e437bbfbf8fc4764e0df9 0 
1 0 aa93299cc81443a588b0d3dff6c1fffa 0 
1 0 a6589020c21e4817a706ac7451729921 0 
1 0 3688f8db404749c38f8e594d372475c0 0 
1 0 203dae6ce2c742489bda5e4a4816797f 0 
1 0 a076994a67bf48688ad6df85d42692a7 0 
1 0 6b2f260681f049889d1da8aa01da1132 0 
1 0 c5a67a1f43484a0d9980f9c871a33f4e 0 
1 0 fd5bab34cb704d78a6f10e99ad5eb296 0 
1 0 1d161774c1774bce8572afca4c94f82b 0 
1 0 59b3e8a19eb3421ab8287db64d6a6b71 0 
1 0 d1e9339f789b40b7a74e9ac5eba999a9 0 
1 0 fe9a8bd4cf2a4c09b4db6cdd951a891a 0 
1 0 d4a021c0b00b465396e5aca3f555c887 0 
1 0 c58b3744fe8b46fd8154c921595d3dad 0 
1 0 5915a506a56c4b7b9aac27248b9ab6af 0 
1 0 d60d5e75fda746f3b1ec2ff2098e578f 0 
1 0 6063354b0d764883b4917ea8a919be41 0 
1 0 cb9d58ff1345417db196ff6242c0f830 0 
1 0 55e8abc0971a4064ac23692b46a0a071 0 
1 0 423ab95c0e1e433795568e950619d737 0 
1 0 040aa11dbb00469d83883625b483b28b 0 
1 0 833456932293451eaccb773e42543f4d 0 
1 0 eea1012a2ed74d5aa95b09c5db42f53b 0 
1 0 93d0248842284ac99920688a928c7938 0 
1 0 e28e3ccf893f4f85a81d4f70b3be6dbc 0 
1 0 3ca0d59e6b7843b4afde9e3f08cf3ca7 0 
1 0 7423e70389134f468c73d05b503b246c 0 
1 0 4d5045a466944cbbb6819f1169427480 0 
1 0 946a29a0fe984ea8aad47368ab575ef6 0 
1 0 57c193dc1a504fdebebb02eadfb663f2 0 
1 0 789802c99e414a8b8450ed02ccef2a82 0 
1 0 290e2715c9b149df9335baf7934db5f6 0 
1 0 3df8fbb0053e47ba9f0c4d2950c72588 0 
1 0 17ab627c20b54dcb8a863383f3f0806d 0 
1 0 fc6c34a12f944979886641ddc7bb3dbf 0 
1 0 b13370453ef04b63a18b4f3e5e8cccb9 0 
1 0 234a967c20774c45ba0be6a52f751ac5 0 
1 0 26182fc791cb45f1b57ac43704e156ea 0 
1 0 17d62d00544e49828bc77450e330d4dd 0 
1 0 ab4a1cbce3924c13a59538e80e9b51fc 0 
1 0 94642cd1d39d4368bc4c8ad38e149863 0 
1 0 57920c14f1ca402585f01d391c90e9e4 0 
1 0 4405a632cc4243ec98be2474b185cbff 0 
1 0 e7fb307b25e344318eaaefc417d198d7 0 
1 0 d39cb1674fd24215a1cbb968c11eafe0 0 
1 0 fcfe62f98a734461852475802195cc3b 0 
1 0 b2d2904959c84c7aa678cfcd0f53db11 0 
1 0 0cf9987da7b642d2a2251b7445d66bac 0 
1 0 7f9883cfdb9e47198afb82f01be223ab 0 
1 0 c4b4dcd2187441069fb646e8522abb15 0 
1 0 a47890e5044b4e0aa1e45e378986bc6a 0 
1 0 2bb8e3119b0d4844903d7302c4cc38bd 0 
1 0 04538df463f74af48f3cba29b1c148d3 0 
1 0 77c490f5e18841f2a57a93ec0c789f22 0 
1 0 b5fba1d532444595957339578314eb09 0 
1 0 0ee98dd6a6124f28a00bf78b03ff08ff 0 
1 0 12f2974c69ef4a3992c1aca403b80222 0 
1 0 0053fc60a0b8449cb375aa1fec012926 0 
1 0 843100bada80412ebaf8a63f48b29dfa 0 
1 0 10548bf5a167466d90752984f40f49db 0 
1 0 27a7c54441b4483f9593509da91504a3 0 
1 0 ca8923da50094d2781b4cecfe9224627 0 
1 0 952d90893cbf4cea947e23beedff83f0 0 
1 0 3806f78c4e8746c1b48c17be121cf387 0 
1 0 975da0f8175f470db9b8c6ce06c386dd 0 
1 0 5699536524284bad8b629927c533a4b3 0 
1 0 d95015418b92402c9c3fe6a7bd96cb78 0 
1 0 c5905458a680433f931428eebebdedaa 0 
1 0 89bc93df22ae48da93c16b245c94f51d 0 
1 0 f086b26d6d93401aa050d242576cf2a1 0 
1 0 32cac73288b64deb87d5bbc11487740f 0 
1 0 46c6f5b2544c4f1a8ead1076c912cfeb 0 
1 0 4591f5ac531d47c9a9ea55ead9b2cb01 0 
1 0 57015c6f7f734c5bab34ba9243f18e6d 0 
1 0 b8e6058d80c14d9ebd69a3ece355b867 0 
1 0 d45e313bea9d429b96d1e4a651d97453 0 
1 0 e6f1fc29640c43538ed206da6df0b443 0 
1 0 649ec0e53d014ea4b94b1b4b63ff3aa4 0 
1 0 1b1c77467b6c491b8631c73799f53bad 0 
1 0 d353628585644064892978d231dc0c70 0 
1 0 d53f28b0fb2445ce87673dea3dddf327 0 
1 0 20ab2e857f1f4f688a30db435b74bfd5 0 
1 0 95f8459f6f964698a0183f2be4c6f3a7 0 
1 0 5fad540770c24b5388208361e67cfea0 0 
1 0 886e23b626e54502aa0ef3678c86de55 0 
1 0 ccdb041262814236b964329ae16f4940 0 
1 0 7833bc87affe4cb5935f26fd6f674013 0 
1 0 9fc61953a31e424f88a6a8cdc1c3deee 0 
1 0 09a31787299c4cf9881a495991fdbf81 0 
1 0 1e52dab1ad044549994aa0b7c10688b3 0 
1 0 524630ba9363471db2a2266eccefd398 0 
1 0 66029c21d5a940a2b2df4a24488f4005 0 
1 0 2409df8a315d4160bcebfe8f33d32ff6 0 
1 0 6f533f03c76e4d3bb7b1cb96180beafe 0 
1 0 1f8049f12364478680fc967437d1201b 0 
1 0 aa26c1a048d64db48139f7396a65864c 0 
1 0 687daee25455487296cc82671463ec9a 0 
1 0 b29b10d7924c497299c32a92ea4f1997 0 
1 0 3cd26c04dcb34b2b8b559c9f0a5d2355 0 
1 0 bff9e6cc7dab463ca9a7c318d66daddd 0 
1 0 e42899865cde42a7a7705ed69f5dbcae 0 
1 0 dcc921c4ade04bb7a35eee957ccf2a61 0 
1 0 1aa4e38132044618836d9a43612a642b 0 
1 0 b2e01da9063340518f31f371305fbbed 0 
1 0 082610da6f714fb6a7d322204e63ae2c 0 
1 0 715c7278ba434f8087c0716636b2af12 0 
1 0 30aaf596882f44dca12bcda99a44c2cb 0 
1 0 8681c8c6e9f6439aa10f6c55e195614b 0 
1 0 35d816cd79e642dc9b6910bcc44bc765 0 
1 0 274766984bc44929a373450622eea155 0 
1 0 4fc3158eb1724cf98891156a858ed7bd 0 
1 0 5acb5776f8744f299302646e76bd3454 0 
1 0 8af21a5af27d4c84ba0eb504061f0bca 0 
1 0 6827550b62a24484a358babc7e8a3053 0 
1 0 660ce1dbe336429cb1d9f1bb6621e1cf 0 
1 0 b6fcccd657514325b5c091bfaaab5662 0 
1 0 6efa4883810748598277ca6487dc5192 0 
1 0 1a5747878b2747b6ab6b178616f3e2b6 0 
1 0 494a02e6dc714c04ad6097a90b6b5e2d 0 
1 0 c0efcd81ecdf44a9b43c4f6d8fac1e79 0 
1 0 c37df3d00447471abf63fb7245aeda14 0 
1 0 c55070bfec9d4f55ae5d9f07e2a7160b 0 
1 0 8837ce8ae8894a9389b6a090fc9afc14 0 
1 0 bd0d526eed644475be420ec56d4a3ef6 0 
1 0 fdc50b6c44e549cba691ab3286b9a2de 0 
1 0 8fff0bf9062a4771ad9ac40fd01d3d8e 0 
1 0 d89597f9dddc4b30a57840dd414813e5 0 
1 0 5a247c9c75734e0f9f79de7232d5ffc5 0 
1 0 1ffceff8ec9948a8918d5256300946cc 0 
1 0 69d993e4f552490db423c14aaf489f23 0 
1 0 c37586a372c1432caef23c0f56438d85 0 
1 0 02bfae989c3a49febd197b8f3611b6f6 0 
1 0 285626b9a7664e23a3f9fcb49a4f7eeb 0 
1 0 7990182962e24ca3998ce02d9d7bd48f 0 
1 0 a8d2b7e7ed1a4a359caaa52676f0cb3f 0 
1 0 ca22f98d461b44ca8993f34c60b2ff4d 0 
1 0 c8e5032f25404700b3d786a45e79fc96 0 
1 0 98c38c54cb1d4995b333145e668cedfa 0 
1 0 d92865f0e28645389c8370ef8bbd55d0 0 
1 0 7834e10b69b44fcca5bd06c701a79841 0 
1 0 7aa509e3cd1e4bd8b89ad6ab6b6cf1c0 0 
1 0 1360309cabc7471c83a85ae049485ac5 0 
1 0 70cfdc1615c94d948b93458c7f632fc8 0 
1 0 a7eba3ee1fa9439abc4f62ed10e740b9 0 
1 0 8255a82a44094ddbbf020c6d7c80d010 0 
1 0 3c7d719993a94d57a7d8b6bc1e493130 0 
1 0 97a6ae61eb344c23a142f1988397acd9 0 
1 0 4181f86fa1654fbdaacd22a12538e972 0 
1 0 46999eec794c4f87a38fc6e29aa180b6 0 
1 0 2b37eca6d4a546a69ad2664eeff75f81 0 
1 0 7211d290b9404e43b06228a2315b3b12 0 
1 0 48c7418ae7434b3d8da6d0c9d5d6941f 0 
1 0 8d80687929094b58a39fa6cf3af7c23c 0 
1 0 be8ffc1f57d94d17aab5301486355c44 0 
1 0 89aeec14cb974813b463589c518a452a 0 
1 0 39d5ea6b3e9445a9bd8c97b19251c7d9 0 
1 0 c527a26b41e243b880823207afa53b29 0 
1 0 74db4766623547399b12957e45df88b3 0 
1 0 c0f3608656374301954e7ffea3c3a7eb 0 
1 0 c212f7c3c50f4d6793507f20e8c926f6 0 
1 0 e0958cd4c53d41d7baa9b79f4676916a 0 
1 0 069d659b7f5246ceab55c3b7eecd71aa 0 
1 0 e23ebdc909874c3f8694c321e3804023 0 
1 0 44d5dd17cc3c467b8717450065368949 0 
1 0 bf5dd23b554e44bf8b95be5bdfa3de0a 0 
1 0 dd7dcfee58c540f192d46404e29921c5 0 
1 0 e86e7cee56ba440a873d91ca6980f42e 0 
1 0 2abe2f0b5a534502943dd7588be16a5b 0 
1 0 4e7025081188447db3b3a53f8ca0eabf 0 
1 0 2e7228105d65457fa7c623914cd0bee5 0 
1 0 31b2ad2f0b884ae18ae2672cca3da84a 0 
1 0 12bb4e8a625e49f5ba1974a74e95898a 0 
1 0 2ff125d4389649ea975ac8c8b3cb724c 0 
1 0 1c80e37696e646fd92b85d7cfc1f8678 0 
1 0 1f511e44127744be90cd39fef9b0e5d2 0 
1 0 00a46fecd3204496bea76ab4df183b7d 0 
1 0 89bce40049e64ee698ec1caf8a8b9591 0 
1 0 e9991ba730d1416ab41aed3920fc889e 0 
1 0 4821683c1b834e02b8f80027f9254871 0 
1 0 79eb51946fe44843911f2667bbf2d4e0 0 
1 0 2b03980072154fac9c65449e12e6333f 0 
1 0 7912dbcaf8b847e29c77bdca0a3e1684 0 
1 0 2b2294c6819a4af0a3963de4366a9b80 0 
1 0 18a90c03b3464c109bbb094c82e2b789 0 
1 0 c9a269c78d694e35a16a3583559a4625 0 
1 0 0ff264a1e11f4b2fbf2d9685000d73d9 0 
1 0 36b12dc5c7ab4fa09da2536e51e4de0a 0 
1 0 a3eff493c9cb45688e64fef465a8a565 0 
1 0 4f0c316064674b72a8219b61f3778f0e 0 
1 0 7c6a054cb89e4f4c8b17bd35ce0a3eac 0 
1 0 af197eb1d4f2423ba63a4e9ac8655792 0 
1 0 da661eab197844639a03ad57e258b66f 0 
1 0 375b9e31bab44201ba6302a577c472c7 0 
1 0 ac0d87a454c04b9a969c4eb4ee44d2e5 0 
1 0 256fa50208e148bdb72865341f09a740 0 
1 0 86f9fb6afaa645d18cd316c750970931 0 
1 0 0eefed34a7f94155a3c3c1338e0f98b1 0 
1 0 62f000f88d3c4ebf954a2f3207670e00 0 
1 0 12c8fa77fa3d4e8e8b1581287921144a 0 
1 0 a2a673686ef94161a8a98fe0977eaf3b 0 
1 0 b9ffaa5b6ff34ac19cc0aff762999cef 0 
1 0 a77074f2061e4f6286c291850986be70 0 
1 0 712c59ca09e64c81b86f2210ed582b3c 0 
1 0 6cbbc0e974554c40bb9fc7d438d1bb14 0 
1 0 87f35a627af94b65a559363f9d74e90f 0 
1 0 4e1b8fa4947f4d7b8e854132ebd8b79c 0 
1 0 37e4b2def69c4488a237581d4b705d98 0 
1 0 8daa288e6aff473a8b308c029961bef8 0 
1 0 573f990d6b1f42aba6408cbf3088ba94 0 
1 0 926647fce075492fa0f751432fc75b08 0 
1 0 9497b34cf8864e6390e34f8189f252f8 0 
1 0 903665ceeed04459ae5cbdb161aa0935 0 
1 0 f22551a75c534c1c829c16769c79d0d6 0 
1 0 b3abf1f7a7444af48ffdf61105722a04 0 
1 0 7ff7ec58dc4b495992d3b0a1b87cbf09 0 
1 0 21a0771c16474a3f9bbe89bff9180a21 0 
1 0 1b190071849c4ed19c459f4bb3284e0b 0 
1 0 612b5c37edbf44aa9fee480e077cec3d 0 
1 0 e488cfc5ed214a8c8e7e32a0c4bf8ab3 0 
1 0 8c208713744b4c54b652ee9a3804576f 0 
1 0 a41eca49842e4146bf106abda23a35db 0 
1 0 02844bbc75f44317a24ac90323fcb987 0 
1 0 a9aa681d048d494fbf642e3bcdaf8f2c 0 
1 0 3133dfc1eaac48e298b603a8155f47ed 0 
1 0 9ecc54ea11504067adb3b83491ef4957 0 
1 0 95bfecd2390b4095a4edd32aeb002135 0 
1 0 d5595263c32e4d7cb3611424b9974a87 0 
1 0 9ad6e54d10f042cab7611012f798df20 0 
1 0 67b7b3ab4150455a8fed08b1a71ca4a9 0 
1 0 8888c3329df7464ebabfa9682b0f0a06 0 
1 0 6e27681bfdb9482f9d91bb8e832edb63 0 
1 0 5fea4cc1fcbc402c86b60c47004f0927 0 
1 0 4fe2e8983ca94a79a97fce9a526147bc 0 
1 0 d62858d0bc964b018b6269667e2da511 0 
1 0 65209e729bd744868097d71d34e889cb 0 
1 0 ff3eb0d55c74407b9ffe2abbfcbeb966 0 
1 0 e1c624ee1bab48f39045d403afb5a761 0 
1 0 814adaed32ac459d934cbf1fb244aeb3 0 
1 0 3ec9a340366d45a3805c325fb1964902 0 
1 0 f2ae149a4e784335b32e5ada5d2ca764 0 
1 0 0f33082db8264374a0a4cf48dc8b035c 0 
1 0 43ba873cf54a434a988f4a8395495ce9 0 
1 0 66d5dc6de4104ce4aa41328eb4890dd8 0 
1 0 2ccf662af9924f19a64ecbcb431741a5 0 
1 0 23b64e5d9b704c01a64f84d2174da4cc 0 
1 0 b1a0d12a10cd4527a12af3e44396a99c 0 
1 0 c789ca7238ea42f7b7f1c341c1d0765d 0 
1 0 ae73f1a3d1cc40cd94f331436adec561 0 
1 0 4c68ae227af2451f9874b4a6cc9649d9 0 
1 0 e3533a99ff584bc4b23c758513483569 0 
1 0 55335832101d4afa86fff2c4ced5a5d7 0 
1 0 43eff3f08c934f4584d1ebaded7912aa 0 
1 0 5c6809b1ee2f460b80ba2d3094bd6308 0 
1 0 99b074d56c0340a68ebea204f47c8395 0 
1 0 1091c740174d43a8811d29caaea1cadb 0 
1 0 774c8cdc0d64458389ac38e413d73329 0 
1 0 cd0c4565f5c945efba11517aac406a99 0 
1 0 bf28f51bac8447f78c2313887fc4b349 0 
1 0 ffb2fbb14578400c9e23db31f3759cc5 0 
1 0 71e24e52019d4067883d6aa761b760e1 0 
1 0 742f2797d5fc4bb2b86732ee62183cd7 0 
1 0 6b5830fff90f46d9b73a0492d22353f6 0 
1 0 35ab21dedbde40acbb3ab1f489ed99b9 0 
1 0 ec88afd4a06f406d9ed53c7fa09280da 0 
1 0 3a9dffe28e534df0a0758734e59fe94c 0 
1 0 2379e04e740c4b899a241e82ca30853c 0 
1 0 00b1b6030e674d459f0fc8c77e74eb59 0 
1 0 d558b98be9c94e4cac23668f9a89c17a 0 
1 0 bd521e78b3364648a6f4528cae68bf05 0 
1 0 e834dd7a50d14005bf0b27ef2987f807 0 
1 0 4557aabae6b54484a21d547501a23100 0 
1 0 449e3e5d23a645c6a9d9dde28a87a408 0 
1 0 299556a167c9454692211895e36e121d 0 
1 0 f1c17ab9a65b403d8d6fb91f145a2dd4 0 
1 0 b786067ccad34d11b957c7d99274a2df 0 
1 0 054c03db253147afbe3351f5e78e7739 0 
1 0 c859e83171694a26a1f9c85c1228ab45 0 
1 0 5c7562451af346a19a86c7657630bc22 0 
1 0 d7adf33fff0f48bb96dd7bf238a1326a 0 
1 0 2acada23b5854761ba5726896436b6af 0 
1 0 b5dff2f310e34bd98c5656e3fd475f75 0 
1 0 d68fa9ab77b24da5831488cee7ccee9e 0 
1 0 5525d1a2c9a140a3a6e4cb0553d340f3 0 
1 0 86dda977adae466ca00e61c007717803 0 
1 0 32bfac1b77a5489eb0ee48326714b522 0 
1 0 ecb9d18a44b34fb2bffcc645718c7e09 0 
1 0 6a17af2c9dea41dc9a461ad2889e3a1c 0 
1 0 06a1207fb8b84b0794602cbbb314e107 0 
1 0 2f83734336844a8fb539f55b5136aa79 0 
1 0 9091bb63cf5f4b379dd7862777c06687 0 
1 0 f412fd9a8bad4f2b8401a38b682ca5c4 0 
1 0 98bdfb3bc4bd42e5a29185951f847abd 0 
1 0 331412145f3647d785101b628f4d409f 0 
1 0 c6bb6645674a4480b6e8160cbdb25592 0 
1 0 e2e4b11b2b384a3182ddaaef8b252b18 0 
1 0 b6788daf7f41435ab66b04887becb374 0 
1 0 1f839d859c0047e5a03e8deae8d9c9c4 0 
1 0 42a7f53cbb8e4268bbd02b969b285ed0 0 
1 0 da0f131d2c6844499a0742dbfcf3b097 0 
1 0 a017f9896548479492f8efc6490bf8af 0 
1 0 260f4308efa74cebbdaf989d3499fd4f 0 
1 0 67995f67b474493e840d3f189d04c856 0 
1 0 066c4203c061470db52b746fa107d24a 0 
1 0 cfb8f13eb6ff45b58c053fc38ad03143 0 
1 0 18fcd8ee9f5748b2a045017af8086471 0 
1 0 da29c1544ef94340a314c42e971cc8ff 0 
1 0 7beda5216c2a4829b80757413aac4101 0 
1 0 3936b252a0ea4d76a782daaa037ad37a 0 
1 0 186bbf8962a84d08845b9ed9f8cc482a 0 
1 0 cce50d8f6f9f401996ee2a012a943eba 0 
1 0 052b99658dc94fc1b6bdd8ff17c9467d 0 
1 0 198f8e70b4944a74afb9f3cc106f5675 0 
1 0 bf3872d6253349358deb1075b1907091 0 
1 0 b9960e64824f408885fea4cd867ae87b 0 
1 0 ad8d2d41b7ab49fe96df0f71a76946e6 0 
1 0 5f4d2d8d244d4f46b453ca85c344973d 0 
1 0 f11cfce965b94b06915c38bcee2713c1 0 
1 0 0b27e07c2b6a4dafb74f1581f978675f 0 
1 0 d419b644ebbd4a7aaeb4d3bffaa5966a 0 
1 0 b1148abd84014da28b59855b2d1e2a26 0 
1 0 f504a011bb7e4defb152041b917f04d2 0 
1 0 a303f1a0b7d74467bb30df499c5bd36c 0 
1 0 4d555be570f34dc4b422c65f91f45e96 0 
1 0 addad0c02c7d4a50924e32b50e27d559 0 
1 0 6851c240bdc84a3eb06d6c1dccaa1071 0 
1 0 9fe157e7338d4f8a8f8c574995c56762 0 
1 0 23d5a65ff123402daa69aa72413e5747 0 
1 0 cdc8e46867ce4d68be2cf3dd733f0080 0 
1 0 7a55795806814b089e40e241a335e7d3 0 
1 0 016e4bc0d11d4e499cc6383093f66ca8 0 
1 0 8614dae9cc534c3d96fcd73ed8cc0f8f 0 
1 0 b07cd03bb50e4d52b6f4a67bae3fd62c 0 
1 0 c93ea80931734b48ad871265b9ace5b3 0 
1 0 8edc3847161d446484d54071335bc060 0 
1 0 29af65262bdd43ed9a054a95a1e587be 0 
1 0 d98d1df4041b42579fd8b6657e5bfb5f 0 
1 0 709c5f6681744f329155ec8263478dbe 0 
1 0 9f7a2be549694f5eaf0a4e7b8a865930 0 
1 0 01e38f7fad894ac3a5db997b13ef7fa6 0 
1 0 bcd044ea40dc4058892b7d96760234e6 0 
1 0 d2da311aecff49ee92dd840aa374a3f3 0 
1 0 d97ad9d1dc0146c987434d44ddcb6ac8 0 
1 0 8c88cac6bb9c429685540d1558d76f63 0 
1 0 7f07f702b53b4fd89eceef65a8d2885d 0 
1 0 e1d70754bb8a409eb2c606c53ff58199 0 
1 0 ac1a3785952b4a51a3e64e7a7e86d8fb 0 
1 0 b6bcbc2744154a438ffbb235794df89f 0 
1 0 bdb08626378645b2bacfbadbe2c54e02 0 
1 0 9c434f5aa947460bbab08479b68f7ab4 0 
1 0 9d3a083e6ae94a2fa3d138a752542cf2 0 
1 0 c4674e9293994fc99312644a0f27c0a0 0 
1 0 0e3ab91c0b81451cb6da487add50a508 0 
1 0 fe8c451cf1d9487aa39fef8faa2754e1 0 
1 0 7eeb6f6f42fa4e07aae7486d97c7aa3d 0 
1 0 e5843d51d299415f946256d9ab233430 0 
1 0 dfd0cdb9670d4fefbc7932ddf9e7ed1c 0 
1 0 ca203afd70224c878da1823df6b3fcf6 0 
1 0 0d838b87cbfb4161a08211dfae15babe 0 
1 0 1dff910fbd3443fcb4f7b4467fc37425 0 
1 0 cf5c1449c6c44ec7a6963885d68d8436 0 
1 0 efef05b1dfe24bd480e2bb8a3c644c5a 0 
1 0 a2ac7726516f4a5eb6898c27578fa9c8 0 
1 0 9ea114ba42004a20946e7e1365d3290a 0 
1 0 a07ef6aa7c3d4ca9843ad6ab2cf4dc70 0 
1 0 86173232baa647b3bbbd803cb184a445 0 
1 0 f321f4cbde8c481880c30ea7ef4a4e96 0 
1 0 f3005e783de14675aca4510d42d3f98d 0 
1 0 c43d61d1a172496e89440ff8f376075b 0 
1 0 e0c9b0a439ef4288a7445fd3a3a0e851 0 
1 0 72b53c0df9c64fbe9cfeb6ffcf8b5ebe 0 
1 0 30b4b409ad664a199367937284d740c5 0 
1 0 10c9f05378e74f6b9dd5241d4567551c 0 
1 0 674d830f94194ff7919e05292e45463f 0 
1 0 14a831898c764ad7b0ad23b458e71eaa 0 
1 0 3dbe7e4386d84d0f9a20069e90b9f7d6 0 
1 0 7cc4608c2b59423f94cf91e222efadee 0 
1 0 87b7501215914daa96bab8bec750ee76 0 
1 0 d50fbd1ff78a48e79ea2797b5f965f69 0 
1 0 b844d74cd5454ad3b03ebb3aa45aa28f 0 
1 0 a4d5da7c22154d92a06781b50f7e4ddc 0 
1 0 d50dd672f5f94f44a718e51d083c082f 0 
1 0 e00ac847cc36453a92b23fda094eed88 0 
1 0 155306d80d574f6381cfab82b5b9a345 0 
1 0 8c8b034835f8411e96cd0b692489d9fb 0 
1 0 b8b8cf8cad544a0e958c48758c7bbd88 0 
1 0 4e37a50de74f497f88eec460084ea536 0 
1 0 1ed2730ff1674f87b52605d0c3b6c56f 0 
1 0 4dca16888b344a1ab1ce5543187c5b2a 0 
1 0 2f69a8d7fe724be0ac8308440c91b3c4 0 
1 0 350db66bb69e41f783cf1ea81ea75fdf 0 
1 0 5f777409515c4768bd9fc9d4f26f2418 0 
1 0 0cb2f61f417b4a5f8a7317c0b3a4d81c 0 
1 0 5bad2108fc1b46be8eccf9a7b66902e1 0 
1 0 ced950bc87ed48a98c6e09d69457447e 0 
1 0 6481f5626b7f4d7a86d03a4fb18f81e9 0 
1 0 c4516a4f23584bfd80dffd36c92871a8 0 
1 0 12f4d48b9ba9422aae8dd6e1fe3713d6 0 
1 0 b54d586694814e92a94a0900e6cc8ca3 0 
1 0 178b133f031c4357820ba7cb40d12b3b 0 
1 0 ad0f1c7af42544b0b2e2f1494c1ced89 0 
1 0 d75b20a943f049e5b2797707c5b2607b 0 
1 0 39765d22fdea46dfb602e556dc39f8cb 0 
1 0 d89bf35ee45f4ac59631a4a03730ec42 0 
1 0 3c05556896c143fc92a28273071fcdf6 0 
1 0 cb44a42546a9443f84441cef4ab66214 0 
1 0 1031e3beec6245e7954af54bd5fdf7e1 0 
1 0 4d46d1c7fbe24a03a9592aef8eec0f41 0 
1 0 f263e56391bf4e6d88d4fa6ba1c9aa0d 0 
1 0 357408921031403fabccffe32dc11ffe 0 
1 0 d0475b0ca50540f5808037d1ae20bdb6 0 
1 0 a195385bc84346838410764abbd8919b 0 
1 0 9936e76badba4e599b6fa39ca28a9039 0 
1 0 78d4c4901cec41ed8b2d4d982bc7d9c9 0 
1 0 aec65330baf647f9ab5896743111c01f 0 
1 0 c8bef130fc2949289855281c06f252ed 0 
1 0 9502508d154c44988a2d4c23669084d5 0 
1 0 bb6b82fd5599446e886c0f9d41e419c2 0 
1 0 f1ce739757ae46da8fccc4f34dd04801 0 
1 0 7e8c9cea1e444afb9764b820632f5d9a 0 
1 0 3fd81489fb8b45c485bc627359fa7679 0 
1 0 08c339b2b7db4cf6889077cb8c6ccf21 0 
1 0 82cd5de9162a4702bdce13379f4e2164 0 
1 0 cf5889812e704e3897ae95bc32f56994 0 
1 0 401d7cff6b9f4680951047de704805da 0 
1 0 18fcb92c2c7742eeb46a1054897262cd 0 
1 0 b0488f8521c445599c6a0129f03bae31 0 
1 0 fd130110e5fe44478a5c9f0ff616deb5 0 
1 0 815042e36be24714ab7035906f62076a 0 
1 0 0e72984a3dfe45fa9b94d88747e67249 0 
1 0 d99f7e5de07e4795a52879af0c1f87e6 0 
1 0 7d6298613b404b88a48242fab04308b1 0 
1 0 5a1d02251bec4752a45f7407d247026a 0 
1 0 abcfcf4cdd0546c6843195dfbfc02f71 0 
1 0 db199081ab194d4cbe2ad94144c5f06b 0 
1 0 e4fa27fc3ef046eca3d0f1a7b482c469 0 
1 0 5f3242dd6308460db4afbbc14ce95f11 0 
1 0 838cbde9f67141c9b936b9bf20d5a6ce 0 
1 0 e3a10a1a4b064a0084e94d798d9542e5 0 
1 0 e167faae89264a7691aca2109104e9a7 0 
1 0 ecc3fadf6d13418e9dcf51908b1aad22 0 
1 0 10ef416f002f4a2ebb3fc314cddb13f2 0 
1 0 45959cee205c4e84b7f4e023026543eb 0 
1 0 9176fc8a1bba46f0a59dbb01da10a180 0 
1 0 9c0141daf911463fa91441ecf7f20de4 0 
1 0 ca17ccda44ff49629db67ee53960ce9b 0 
1 0 cb2fddd5a77e4db6a101e4a7650bc1f2 0 
1 0 7ffff529d6cf4b9a8a0977d6183092bd 0 
1 0 a5aaafd7548f42f4a4e084a3590c9152 0 
1 0 b6339d13465e4c6897bbba859dc349ae 0 
1 0 de99b3c791984769853a86db50d9c019 0 
1 0 e6f3e87e77114a6ca0ebf533279724d8 0 
1 0 3a4a97ff3e2d41bd96d706a9cc9a5ec2 0 
1 0 90114c5b645f42a194547e06f3f3007b 0 
1 0 4ed2e82c454b47f68a03e56fd90abf51 0 
1 0 7de4a9f03c6c440c906e756597d17a51 0 
1 0 8d5486965eaa4ceeafe10a1917d44739 0 
1 0 f05eae28fba743ef921901d7692449ef 0 
1 0 ae03e99523484d30a10ac4e17b1c6628 0 
1 0 7e309b84d4b447019ad5ae617022d633 0 
1 0 f6b1e7523ed54883ba7eefc076565579 0 
1 0 703574ef8b2b4655ab3a92649c787dcf 0 
1 0 7879b109e2e94364a13c73702cd2f199 0 
1 0 b9d725fbb05842d08da07506d2380e14 0 
1 0 8895cdca5f264d4a85f6605909e37669 0 
1 0 e1fa7a2afbeb449e9d6b6f460d7af746 0 
1 0 5746dce818624f1bbff68b9dbf8c9821 0 
1 0 f1e2fdb126af4c8db76b02173e85d81e 0 
1 0 bab03c9e336249f9993610ce0631c6af 0 
1 0 ed8c71632da04d6e84570e309daf85c3 0 
1 0 7ff8e05671a748ceb5368fb281c97dc7 0 
1 0 fc1a052f7cad4383a1c4524fc686a6d1 0 
1 0 a089add6715f4eec8e31f2ba2cc88bbc 0 
1 0 f50f0d571f25438a95e749a571e05a87 0 
1 0 e4878864027f4f36a3e9e2e3e02e1258 0 
